0.000000 57531805
2.796709 57531806
4.186855 57531807
4.419735 57531808
4.175243 57531809
3.099819 57531810
4.525332 57531811
4.161951 57531812
4.204000 57531813
4.003807 57531814
3.704428 57531815
4.214230 57531816
4.226724 57531817
3.109755 57531818
4.242217 57531819
4.511513 57531820
3.083157 57531821
4.126165 57531822
4.332069 57531823
2.784987 57531824
4.164888 57531825
4.485169 57531826
3.055826 57531827
4.177690 57531828
4.927973 57531829
2.913738 57531830
4.137516 57531831
4.459858 57531832
4.505080 57531833
3.148919 57531834
3.216438 57531835
4.471619 57531836
4.509546 57531837
4.454362 57531838
3.107146 57531839
4.159346 57531840
3.416906 57531841
3.504721 57531842
4.072715 57531843
4.304305 57531844
3.856887 57531845
4.346298 57531846
3.750602 57531847
4.240088 57531848
4.349855 57531849
3.158880 57531850
4.532425 57531851
2.747405 57531852
5.723770 57531853
2.488988 57531854
3.676189 57531855
4.219184 57531856
3.126725 57531857
4.045948 57531858
4.485812 57531859
4.514749 57531860
3.106317 57531861
5.144243 57531862
2.730381 57531863
3.644645 57531864
4.152534 57531865
4.440565 57531866
4.474293 57531867
3.108626 57531868
4.164827 57531869
3.144335 57531870
4.149552 57531871
4.109370 57531872
3.735733 57531873
4.972101 57531874
4.392358 57531875
2.786321 57531876
4.196692 57531877
4.557571 57531878
2.785869 57531879
4.544837 57531880
3.172878 57531881
3.977453 57531882
4.011087 57531883
4.483191 57531884
4.919124 57531885
3.196704 57531886
3.063224 57531887
4.008721 57531888
4.840800 57531889
2.969526 57531890
4.172918 57531891
3.454010 57531892
4.432882 57531893
3.240521 57531894
4.505119 57531895
3.756233 57531896
4.061332 57531897
3.090717 57531898
4.423900 57531899
4.701922 57531900
3.025415 57531901
4.008662 57531902
4.465700 57531903
3.132494 57531904
4.295203 57531905
4.124650 57531906
3.919078 57531907
4.345507 57531908
3.067384 57531909
4.446132 57531910
4.780612 57531911
2.769006 57531912
4.751907 57531913
3.785433 57531914
5.002987 57531915
3.078458 57531916
3.114618 57531917
4.168038 57531918
3.570217 57531919
3.747492 57531920
3.727873 57531921
4.175685 57531922
4.390387 57531923
3.120388 57531924
4.522667 57531925
4.173554 57531926
4.367115 57531927
2.683433 57531928
4.898665 57531929
3.072224 57531930
4.681208 57531931
4.436705 57531932
2.952923 57531933
4.519780 57531934
4.181506 57531935
4.044724 57531936
3.966451 57531937
3.344845 57531938
4.516800 57531939
2.782601 57531940
4.501684 57531941
5.059546 57531942
2.712022 57531943
4.285964 57531944
4.428835 57531945
2.731746 57531946
4.633531 57531947
4.117284 57531948
2.989010 57531949
4.266890 57531950
4.197817 57531951
3.125542 57531952
4.884779 57531953
4.151148 57531954
2.695788 57531955
3.968793 57531956
3.951494 57531957
4.090091 57531958
3.247661 57531959
4.352364 57531960
4.221788 57531961
3.438941 57531962
4.007240 57531963
3.977421 57531964
3.698923 57531965
4.433700 57531966
4.046824 57531967
2.945953 57531968
3.328862 57531969
4.095175 57531970
4.747417 57531971
3.375325 57531972
3.353929 57531973
4.149682 57531974
4.194467 57531975
2.689233 57531976
3.963921 57531977
4.224794 57531978
4.544911 57531979
2.982125 57531980
4.809775 57531981
3.088446 57531982
4.601914 57531983
4.433466 57531984
3.013721 57531985
4.041959 57531986
3.354210 57531987
4.057623 57531988
3.863999 57531989
4.395097 57531990
3.692998 57531991
4.284361 57531992
4.393352 57531993
3.666071 57531994
4.527729 57531995
2.945226 57531996
4.421197 57531997
4.215419 57531998
2.831736 57531999
4.003317 57532000
4.360621 57532001
3.477292 57532002
4.331619 57532003
4.275345 57532004
4.521382 57532005
3.096589 57532006
4.007431 57532007
4.244435 57532008
2.463505 57532009
3.984334 57532010
3.876045 57532011
4.156153 57532012
4.306192 57532013
4.396630 57532014
3.092005 57532015
4.063135 57532016
4.074210 57532017
3.124501 57532018
5.350891 57532019
2.686590 57532020
3.897137 57532021
5.326445 57532022
2.747451 57532023
4.851098 57532024
4.373808 57532025
2.471841 57532026
4.086284 57532027
4.862271 57532028
4.048686 57532029
3.138662 57532030
4.686778 57532031
3.389279 57532032
4.509330 57532033
2.751267 57532034
4.235222 57532035
4.572730 57532036
2.788853 57532037
3.965233 57532038
4.175958 57532039
4.850332 57532040
3.757724 57532041
4.745607 57532042
2.951434 57532043
3.682547 57532044
4.560875 57532045
4.701985 57532046
2.960239 57532047
3.077504 57532048
4.018556 57532049
4.454223 57532050
4.247541 57532051
4.190203 57532052
2.766083 57532053
4.508577 57532054
3.516508 57532055
4.554596 57532056
2.925602 57532057
5.314543 57532058
2.681877 57532059
4.355872 57532060
4.365900 57532061
3.107828 57532062
4.513323 57532063
3.218809 57532064
4.371057 57532065
4.382110 57532066
2.720183 57532067
4.256236 57532068
3.877940 57532069
4.958383 57532070
2.748208 57532071
4.374285 57532072
4.026840 57532073
4.805300 57532074
2.691284 57532075
4.634646 57532076
3.059104 57532077
5.523496 57532078
1.729555 57532079
4.500455 57532080
2.935991 57532081
4.401751 57532082
4.118931 57532083
4.244259 57532084
3.712045 57532085
3.638405 57532086
4.378256 57532087
4.117075 57532088
3.430858 57532089
4.538403 57532090
2.790426 57532091
4.167182 57532092
3.406059 57532093
4.056867 57532094
4.022152 57532095
4.406748 57532096
4.178690 57532097
4.180470 57532098
4.171771 57532099
3.551047 57532100
3.132220 57532101
3.959978 57532102
4.290084 57532103
2.801654 57532104
4.430964 57532105
3.942301 57532106
4.425352 57532107
2.753559 57532108
3.959190 57532109
3.897928 57532110
4.744841 57532111
4.315583 57532112
4.521892 57532113
2.777863 57532114
4.241948 57532115
4.055491 57532116
4.815280 57532117
2.542864 57532118
4.389451 57532119
4.112409 57532120
4.370215 57532121
3.139659 57532122
4.168939 57532123
4.033516 57532124
4.266803 57532125
4.493225 57532126
2.772268 57532127
4.521129 57532128
4.063268 57532129
3.920846 57532130
2.991281 57532131
4.138057 57532132
4.914399 57532133
2.735295 57532134
3.910261 57532135
3.708057 57532136
4.139718 57532137
4.575450 57532138
3.482610 57532139
4.080801 57532140
4.689000 57532141
1.691231 57532142
3.976587 57532143
4.345804 57532144
3.113599 57532145
4.480463 57532146
4.454430 57532147
2.989090 57532148
3.706610 57532149
3.992600 57532150
4.167800 57532151
4.072931 57532152
4.164318 57532153
3.998786 57532154
3.719843 57532155
2.936495 57532156
4.169474 57532157
4.316963 57532158
2.968358 57532159
4.605418 57532160
5.000736 57532161
2.987016 57532162
2.747168 57532163
4.179039 57532164
3.960476 57532165
3.136554 57532166
4.616603 57532167
2.778941 57532168
4.169887 57532169
4.488249 57532170
3.103714 57532171
3.781486 57532172
6.296705 57532173
2.927861 57532174
4.341995 57532175
2.785801 57532176
4.204403 57532177
4.244641 57532178
3.461222 57532179
4.493897 57532180
3.440693 57532181
4.181991 57532182
4.332317 57532183
3.053293 57532184
4.359253 57532185
3.940392 57532186
4.345506 57532187
4.428530 57532188
2.482783 57532189
4.966690 57532190
3.727088 57532191
3.009936 57532192
4.185989 57532193
4.690021 57532194
3.094858 57532195
4.742164 57532196
3.010382 57532197
4.451667 57532198
4.298655 57532199
2.978578 57532200
3.853580 57532201
4.570759 57532202
3.342079 57532203
4.070543 57532204
3.803161 57532205
4.528436 57532206
4.001373 57532207
3.915199 57532208
2.674686 57532209
3.963289 57532210
4.170130 57532211
5.354058 57532212
2.690223 57532213
4.109782 57532214
4.257352 57532215
2.980709 57532216
5.168116 57532217
2.995554 57532218
4.407351 57532219
3.123632 57532220
4.171659 57532221
4.062678 57532222
4.532891 57532223
3.313351 57532224
4.205725 57532225
4.310411 57532226
4.197486 57532227
3.103354 57532228
4.086399 57532229
4.738399 57532230
3.098677 57532231
3.920723 57532232
4.103313 57532233
3.124208 57532234
4.528816 57532235
3.718071 57532236
4.479438 57532237
2.778051 57532238
4.207211 57532239
4.197981 57532240
3.419391 57532241
4.541924 57532242
4.241082 57532243
3.299814 57532244
4.062902 57532245
3.929464 57532246
4.019631 57532247
4.176213 57532248
4.124317 57532249
4.027273 57532250
4.501416 57532251
2.654253 57532252
4.572734 57532253
3.105226 57532254
4.187910 57532255
4.776016 57532256
3.728498 57532257
3.136882 57532258
4.312204 57532259
4.545819 57532260
4.173740 57532261
3.885251 57532262
3.521944 57532263
4.060229 57532264
3.802939 57532265
5.063131 57532266
2.768854 57532267
3.899471 57532268
4.311505 57532269
4.208492 57532270
4.427294 57532271
3.042182 57532272
4.558297 57532273
2.746501 57532274
4.566713 57532275
4.381228 57532276
2.745896 57532277
4.040630 57532278
4.507655 57532279
2.964603 57532280
4.530419 57532281
3.757080 57532282
3.501081 57532283
4.529016 57532284
3.790802 57532285
4.773778 57532286
2.746551 57532287
5.503517 57532288
2.659155 57532289
3.957459 57532290
3.792598 57532291
4.009065 57532292
3.114433 57532293
4.975890 57532294
4.206742 57532295
2.870524 57532296
4.396501 57532297
4.157816 57532298
3.963135 57532299
4.253442 57532300
4.246320 57532301
3.850331 57532302
4.142287 57532303
2.763355 57532304

Maximum value: 6.296705
Minimum value: 1.691231
Average value: 3.993968